192.0 322.0 6.371 -19.111 27.0 400.0 0.024 0.011 -0.005 -11.498 -7.414 -247.62 1.85 0.431 33.727 -94.122 0.801 
233.0 325.0 6.109 -13.496 135.0 411.0 0.052 -0.686 0.014 -11.561 -4.147 -244.29 1.706 0.009 33.286 -94.282 0.797 
265.0 326.0 5.982 -8.631 231.0 404.0 0.045 -1.29 0.014 -11.812 -3.896 -246.741 1.727 -0.042 33.606 -94.168 0.81 
295.0 327.0 5.903 -4.104 318.0 400.0 0.033 -1.893 0.029 -8.482 -4.775 -244.102 1.332 0.234 33.262 -94.297 0.809 
328.0 329.0 5.836 1.037 405.0 402.0 0.066 -2.514 0.049 -10.179 -5.341 -242.594 1.579 0.233 33.065 -94.362 0.801 
373.0 331.0 5.843 8.313 516.0 411.0 0.094 -3.192 0.076 -10.681 -2.827 -247.683 1.529 -0.131 33.727 -94.128 0.791 
410.0 331.0 5.961 14.098 595.0 422.0 0.105 -3.667 0.074 -10.242 1.131 -252.396 1.282 -0.636 34.336 -93.91 0.802 
387.0 337.0 5.727 10.896 561.0 342.0 0.208 -3.278 -0.384 -6.66 -0.942 -258.993 0.912 -0.203 35.2 -93.595 1.253 
345.0 343.0 5.479 4.145 454.0 363.0 0.324 -2.525 -0.352 -12.064 -0.188 -266.784 1.571 -0.582 36.207 -93.2 1.197 
292.0 344.0 5.459 -4.994 326.0 362.0 0.341 -1.796 -0.365 -12.127 -1.759 -261.192 1.661 -0.369 35.485 -93.477 1.193 
247.0 341.0 5.644 -12.151 186.0 347.0 0.311 -0.889 -0.385 -13.572 -5.404 -264.396 2.029 0.024 35.908 -93.309 1.198 
211.0 350.0 5.577 -18.778 66.0 249.0 0.383 -0.332 -1.018 -4.021 -3.581 -253.401 0.696 0.274 34.474 -93.867 1.828 
255.0 353.0 5.312 -11.757 202.0 244.0 0.418 -1.072 -0.994 -4.964 -6.66 -255.286 0.968 0.628 34.722 -93.771 1.81 
298.0 348.0 5.346 -3.965 328.0 247.0 0.395 -1.823 -0.982 -8.545 -3.079 -255.726 1.261 -0.012 34.777 -93.749 1.812 
339.0 349.0 5.315 3.132 433.0 238.0 0.402 -2.458 -0.968 -8.357 -7.1 -255.788 1.431 0.521 34.79 -93.741 1.805 
374.0 351.0 5.326 9.416 536.0 254.0 0.415 -3.155 -0.947 -8.922 -3.33 -253.966 1.323 0.006 34.549 -93.833 1.793 
382.0 363.0 5.038 11.487 561.0 172.0 0.6 -3.134 -1.369 -15.834 -5.466 -265.151 2.325 -0.083 36.006 -93.264 2.197 
344.0 361.0 5.003 4.236 451.0 161.0 0.599 -2.489 -1.39 -10.744 -7.98 -263.328 1.79 0.501 35.773 -93.364 2.2 
293.0 360.0 5.036 -5.113 318.0 162.0 0.61 -1.691 -1.412 -14.074 -7.854 -265.213 2.216 0.314 36.019 -93.261 2.207 
254.0 359.0 5.157 -12.115 195.0 169.0 0.569 -1.002 -1.415 -13.383 -5.027 -265.465 1.985 -0.019 36.045 -93.257 2.194 
220.0 360.0 5.277 -18.072 77.0 163.0 0.642 -0.51 -1.422 -7.791 -8.168 -257.548 1.411 0.684 35.02 -93.654 2.199 
242.0 364.0 5.078 -14.759 142.0 92.0 0.745 -0.904 -1.827 -3.958 -6.912 -250.951 0.845 0.714 34.156 -93.98 2.605 
284.0 367.0 4.869 -7.164 283.0 92.0 0.719 -1.547 -1.82 -9.488 -5.152 -256.291 1.484 0.211 34.854 -93.717 2.602 
333.0 365.0 4.889 2.476 421.0 92.0 0.709 -2.325 -1.814 -10.116 -5.089 -256.103 1.563 0.173 34.83 -93.725 2.605 
383.0 371.0 4.831 11.985 571.0 84.0 0.758 -3.23 -1.805 -7.288 -7.98 -254.595 1.333 0.689 34.635 -93.799 2.6 
365.0 373.0 4.727 8.673 522.0 6.0 0.844 -2.791 -2.227 -13.886 -7.603 -273.318 2.182 0.266 37.066 -92.851 3.003 
322.0 370.0 4.752 0.318 400.0 9.0 0.846 -2.124 -2.246 -13.258 -5.529 -271.559 1.995 0.036 36.835 -92.948 3.003 
274.0 370.0 4.813 -9.152 255.0 2.0 0.852 -1.325 -2.262 -15.771 -8.859 -273.695 2.49 0.33 37.118 -92.822 3.001 
215.0 370.0 5.053 -19.855 41.0 2.0 0.856 -0.278 -2.284 -15.142 -6.409 -272.628 2.283 0.05 36.974 -92.885 3.002 
237.0 331.0 5.943 -13.357 157.0 34.0 -0.081 -0.429 -2.29 -4.335 -4.021 -277.591 0.768 0.291 37.608 -92.655 3.005 
273.0 333.0 5.78 -7.612 272.0 22.0 -0.106 -1.085 -2.28 -9.425 -6.597 -279.79 1.558 0.352 37.895 -92.528 3.004 
322.0 334.0 5.703 0.265 387.0 30.0 -0.104 -1.826 -2.276 -5.592 -5.027 -280.984 0.984 0.35 38.045 -92.474 3.01 
373.0 332.0 5.817 8.351 517.0 39.0 -0.107 -2.738 -2.266 -9.676 -2.827 -279.225 1.393 -0.145 37.818 -92.563 3.01 
393.0 338.0 5.716 11.725 571.0 125.0 0.032 -3.121 -1.681 -13.383 -5.592 -279.979 2.014 0.014 37.919 -92.51 2.441 
344.0 337.0 5.636 3.761 448.0 122.0 0.012 -2.33 -1.75 -16.085 -3.707 -276.586 2.264 -0.36 37.478 -92.683 2.492 
304.0 337.0 5.63 -2.688 355.0 106.0 0.02 -1.658 -1.78 -14.577 -8.671 -279.665 2.329 0.348 37.885 -92.516 2.502 
268.0 340.0 5.612 -8.931 250.0 105.0 0.025 -1.026 -1.793 -15.457 -7.854 -278.282 2.399 0.201 37.706 -92.588 2.5 
232.0 335.0 5.859 -14.349 154.0 87.0 0.028 -0.389 -1.82 -14.828 -11.435 -279.602 2.507 0.69 37.882 -92.51 2.511 
192.0 336.0 6.023 -20.262 23.0 94.0 0.039 0.142 -1.821 -14.64 -8.859 -271.371 2.343 0.396 36.817 -92.945 2.496 
252.0 338.0 5.706 -11.206 211.0 218.0 0.14 -0.789 -1.265 -5.969 -2.765 -270.365 0.912 0.053 36.676 -93.027 1.984 
297.0 336.0 5.664 -4.01 335.0 204.0 0.109 -1.587 -1.266 -10.053 -4.587 -269.109 1.532 0.083 36.516 -93.082 1.992 
351.0 336.0 5.672 5.074 462.0 203.0 0.107 -2.486 -1.267 -14.891 -5.152 -267.287 2.187 -0.084 36.281 -93.16 2.006 
395.0 340.0 5.676 12.355 583.0 212.0 0.154 -3.182 -1.256 -6.66 -1.257 -274.072 0.924 -0.182 37.153 -92.837 2.012 
391.0 335.0 5.789 11.31 568.0 306.0 0.247 -3.276 -0.681 -11.184 -1.508 -267.161 1.524 -0.368 36.259 -93.182 1.446 
359.0 337.0 5.659 6.429 480.0 292.0 0.263 -2.69 -0.748 -12.755 -4.084 -267.224 1.856 -0.114 36.271 -93.172 1.498 
317.0 335.0 5.676 -0.533 371.0 292.0 0.262 -2.039 -0.763 -11.624 -5.341 -264.522 1.773 0.112 35.924 -93.308 1.501 
271.0 337.0 5.683 -8.281 263.0 287.0 0.23 -1.339 -0.774 -14.074 -4.964 -263.454 2.072 -0.056 35.785 -93.355 1.494 
225.0 334.0 5.912 -15.278 118.0 287.0 0.271 -0.603 -0.794 -13.006 -5.027 -255.977 1.936 0.026 34.813 -93.724 1.503 
193.0 337.0 5.998 -20.349 25.0 294.0 0.279 -0.054 -0.81 -12.189 -4.901 -252.144 1.824 0.058 34.314 -93.911 1.504 
212.0 336.0 5.92 -17.385 58.0 408.0 0.413 -0.376 -0.244 -9.865 -1.885 -241.589 1.38 -0.204 32.928 -94.413 0.97 
258.0 339.0 5.665 -10.472 216.0 389.0 0.382 -1.209 -0.272 -8.796 -3.267 -246.112 1.303 0.018 33.523 -94.205 1.013 
300.0 339.0 5.581 -3.526 339.0 393.0 0.378 -1.997 -0.245 -5.466 -1.571 -245.484 0.788 -0.048 33.439 -94.24 1.0 
349.0 339.0 5.589 4.606 457.0 391.0 0.389 -2.734 -0.237 -11.435 -3.519 -246.301 1.66 -0.072 33.548 -94.19 1.0 
389.0 342.0 5.602 11.416 574.0 386.0 0.424 -3.482 -0.231 -12.189 -3.142 -246.552 1.741 -0.157 33.58 -94.177 1.01 
409.0 318.0 6.289 13.103 586.0 361.0 -0.331 -3.807 -0.208 -6.346 -3.393 -252.835 0.99 0.139 34.401 -93.891 0.993 
383.0 318.0 6.207 9.302 528.0 403.0 -0.253 -3.485 -0.008 -13.572 -2.639 -249.442 1.897 -0.295 33.956 -94.039 0.796 
334.0 319.0 6.102 1.983 410.0 404.0 -0.266 -2.626 -0.021 -14.2 -2.388 -247.997 1.968 -0.354 33.766 -94.105 0.795 
268.0 321.0 6.108 -8.2 254.0 392.0 -0.241 -1.665 -0.052 -13.132 -6.346 -240.395 2.012 0.235 32.78 -94.453 0.803 
204.0 320.0 6.363 -17.382 78.0 421.0 -0.205 -0.798 -0.065 -9.927 -1.068 -227.011 1.357 -0.287 31.009 -95.061 0.8 
228.0 326.0 6.102 -14.277 142.0 334.0 -0.076 -1.131 -0.561 -7.163 -2.576 -222.551 1.057 0.038 30.422 -95.254 1.311 
272.0 328.0 5.914 -7.696 275.0 313.0 -0.098 -1.987 -0.545 -8.482 -5.781 -223.493 1.367 0.405 30.551 -95.208 1.31 
334.0 327.0 5.891 2.055 426.0 323.0 -0.099 -2.957 -0.526 -6.849 -4.524 -223.933 1.098 0.307 30.606 -95.194 1.306 
382.0 329.0 5.92 9.756 545.0 320.0 -0.084 -3.795 -0.507 -7.163 -5.843 -223.493 1.195 0.469 30.55 -95.211 1.299 
380.0 339.0 5.651 9.682 546.0 237.0 -0.001 -3.652 -1.052 -12.001 -6.22 -237.63 1.857 0.277 32.416 -94.582 1.797 
380.0 339.0 5.651 9.682 425.0 242.0 -0.054 -2.862 -1.078 -14.326 -2.702 -236.122 2.004 -0.286 32.211 -94.649 1.808 
275.0 336.0 5.698 -7.454 271.0 247.0 -0.037 -1.88 -1.095 -13.949 -1.885 -234.614 1.919 -0.372 32.01 -94.718 1.802 
202.0 339.0 5.895 -19.084 62.0 245.0 -0.006 -0.772 -1.119 -10.493 -4.147 -225.818 1.564 0.098 30.856 -95.108 1.802 
231.0 344.0 5.629 -14.949 143.0 136.0 0.207 -1.436 -1.642 -9.299 -9.173 -207.282 1.6 0.855 28.404 -95.864 2.31 
294.0 347.0 5.378 -4.787 326.0 142.0 0.18 -2.504 -1.62 -6.912 -8.357 -208.413 1.251 0.838 28.551 -95.826 2.302 
367.0 346.0 5.436 7.815 512.0 161.0 0.187 -3.636 -1.603 -7.226 -3.079 -210.675 1.084 0.12 28.847 -95.743 2.303 
339.0 345.0 5.42 3.071 434.0 67.0 0.207 -3.39 -2.146 -13.635 -5.466 -201.565 2.03 0.206 27.639 -96.083 2.804 
276.0 342.0 5.541 -7.667 278.0 51.0 0.203 -2.293 -2.173 -13.886 -6.66 -207.471 2.112 0.339 28.429 -95.85 2.803 
209.0 341.0 5.811 -18.27 72.0 46.0 0.23 -1.153 -2.199 -15.582 -7.163 -203.261 2.355 0.352 27.87 -96.008 2.8 
